# oST version 5.0 parameters


[image]

width
1920

height
1200

[narrow_stereo]

camera matrix
1417.707530 0.000000 954.421034
0.000000 1417.077370 596.974313
0.000000 0.000000 1.000000

distortion
-0.105671 0.157363 -0.001488 0.000817 0.000000

rectification
1.000000 0.000000 0.000000
0.000000 1.000000 0.000000
0.000000 0.000000 1.000000

projection
1413.983783 0.000000 955.990075 0.000000
0.000000 1413.561002 594.581584 0.000000
0.000000 0.000000 1.000000 0.000000
