image_width: 1920
image_height: 1200
camera_name: narrow_stereo
camera_matrix:
  rows: 3
  cols: 3
  data: [2754.143598, 0, 936.668758, 0, 2766.907493, 558.690151, 0, 0, 1]
distortion_model: plumb_bob
distortion_coefficients:
  rows: 1
  cols: 5
  data: [-0.223948, 0.337306, -0.002666, 0.00149, 0]
rectification_matrix:
  rows: 3
  cols: 3
  data: [1, 0, 0, 0, 1, 0, 0, 0, 1]
projection_matrix:
  rows: 3
  cols: 4
  data: [2689.43042, 0, 936.948176, 0, 0, 2736.01123, 556.371451, 0, 0, 0, 1, 0]