# oST version 5.0 parameters


[image]

width
1296

height
964

[narrow_stereo]

camera matrix
650.959075 0.000000 673.493413
0.000000 643.162686 461.697270
0.000000 0.000000 1.000000

distortion
-0.247496 0.039204 0.000445 -0.000647 0.000000

rectification
1.000000 0.000000 0.000000
0.000000 1.000000 0.000000
0.000000 0.000000 1.000000

projection
429.556763 0.000000 665.616019 0.000000
0.000000 526.508362 450.745452 0.000000
0.000000 0.000000 1.000000 0.000000

