# oST version 5.0 parameters


[image]

width
1920

height
1200

[narrow_stereo]

camera matrix
2754.143598 0.000000 936.668758
0.000000 2766.907493 558.690151
0.000000 0.000000 1.000000

distortion
-0.223948 0.337306 -0.002666 0.001490 0.000000

rectification
1.000000 0.000000 0.000000
0.000000 1.000000 0.000000
0.000000 0.000000 1.000000

projection
2689.430420 0.000000 936.948176 0.000000
0.000000 2736.011230 556.371451 0.000000
0.000000 0.000000 1.000000 0.000000

