# oST version 5.0 parameters


[image]

width
1920

height
1200

[narrow_stereo]

camera matrix
2196.379276 0.000000 933.904291
0.000000 2208.659438 556.531385
0.000000 0.000000 1.000000

distortion
-0.089933 0.186342 -0.002811 -0.000758 0.000000

rectification
1.000000 0.000000 0.000000
0.000000 1.000000 0.000000
0.000000 0.000000 1.000000

projection
2174.605225 0.000000 932.411716 0.000000
0.000000 2193.337402 554.265842 0.000000
0.000000 0.000000 1.000000 0.000000

