image_width: 1920
image_height: 1200
camera_name: narrow_stereo
camera_matrix:
  rows: 3
  cols: 3
  data: [1415.173225, 0, 958.275699, 0, 1419.510684, 587.231098, 0, 0, 1]
distortion_model: plumb_bob
distortion_coefficients:
  rows: 1
  cols: 5
  data: [-0.10855, 0.176583, -0.001245, 3.8e-05, 0]
rectification_matrix:
  rows: 3
  cols: 3
  data: [1, 0, 0, 0, 1, 0, 0, 0, 1]
projection_matrix:
  rows: 3
  cols: 4
  data: [1417.904419, 0, 958.006023, 0, 0, 1421.945679, 585.569558, 0, 0, 0, 1, 0]