image_width: 1920
image_height: 1200
camera_name: narrow_stereo
camera_matrix:
  rows: 3
  cols: 3
  data: [1417.70753, 0, 954.421034, 0, 1417.07737, 596.9743130000001, 0, 0, 1]
distortion_model: plumb_bob
distortion_coefficients:
  rows: 1
  cols: 5
  data: [-0.105671, 0.157363, -0.001488, 0.0008169999999999999, 0]
rectification_matrix:
  rows: 3
  cols: 3
  data: [1, 0, 0, 0, 1, 0, 0, 0, 1]
projection_matrix:
  rows: 3
  cols: 4
  data: [1413.983783, 0, 955.990075, 0, 0, 1413.561002, 594.581584, 0, 0, 0, 1, 0]