# oST version 5.0 parameters


[image]

width
1920

height
1200

[narrow_stereo]

camera matrix
1415.173225 0.000000 958.275699
0.000000 1419.510684 587.231098
0.000000 0.000000 1.000000

distortion
-0.108550 0.176583 -0.001245 0.000038 0.000000

rectification
1.000000 0.000000 0.000000
0.000000 1.000000 0.000000
0.000000 0.000000 1.000000

projection
1417.904419 0.000000 958.006023 0.000000
0.000000 1421.945679 585.569558 0.000000
0.000000 0.000000 1.000000 0.000000

